ID,Pred
2018_1104_1112,0.24436626583278553
2018_1104_1113,0.49968785156247375
2018_1112_1113,0.7554031059687462
2018_1104_1116,0.4035522132649665
2018_1112_1116,0.6766027257188567
2018_1113_1116,0.40385278324770835
2018_1104_1120,0.2969613019670809
2018_1112_1120,0.5663755377968354
2018_1113_1120,0.2972220435763396
2018_1116_1120,0.3843501764661151
2018_1104_1137,0.5415644975385734
2018_1112_1137,0.7850819219259964
2018_1113_1137,0.5418744727966202
2018_1116_1137,0.6358341543677799
2018_1120_1137,0.7366158018742552
2018_1104_1138,0.4679828413809734
2018_1112_1138,0.7311852723197476
2018_1113_1138,0.4682937223020885
2018_1116_1138,0.5652364242634272
2018_1120_1138,0.6755873168789122
2018_1137_1138,0.4268079530328815
2018_1104_1139,0.3824869071593339
2018_1112_1139,0.6569840385058298
2018_1113_1139,0.3827818566221273
2018_1116_1139,0.4779343357193213
2018_1120_1139,0.5945492767242117
2018_1137_1139,0.3439708280934495
2018_1138_1139,0.4131977138118179
2018_1104_1153,0.16207752879278747
2018_1112_1153,0.3742651547510163
2018_1113_1153,0.16224716988587076
2018_1116_1153,0.22232559862534576
2018_1120_1153,0.31409563842935834
2018_1137_1153,0.14069937089529685
2018_1138_1153,0.18025708721437517
2018_1139_1153,0.23796934203713863
2018_1104_1155,0.3183871785280206
2018_1112_1155,0.5909018894093315
2018_1113_1155,0.31865820577418447
2018_1116_1155,0.4084183304984471
2018_1120_1155,0.5251329258992906
2018_1137_1155,0.2833639170963007
2018_1138_1155,0.3468420507841566
2018_1139_1155,0.42991750100272835
2018_1153_1155,0.7071655127346888
2018_1104_1158,0.6855069980561737
2018_1112_1158,0.8708039080005553
2018_1113_1158,0.6857761164837812
2018_1116_1158,0.7631238139584657
2018_1120_1158,0.837671911663686
2018_1137_1158,0.6485232578941623
2018_1138_1158,0.7124762255543983
2018_1139_1158,0.7787165628315971
2018_1153_1158,0.9184931715786234
2018_1155_1158,0.8235214830107391
2018_1104_1166,0.39005739462385686
2018_1112_1166,0.6641442509153361
2018_1113_1166,0.39035449161000857
2018_1116_1166,0.48590744736371255
2018_1120_1166,0.6022236880536287
2018_1137_1166,0.35121255840668814
2018_1138_1166,0.4209616778997525
2018_1139_1166,0.5079830413066778
2018_1153_1166,0.7677731857827368
2018_1155_1166,0.5778912286062244
2018_1158_1166,0.22683530631786422
2018_1104_1168,0.8598448990358982
2018_1112_1168,0.9499264169171945
2018_1113_1168,0.8599953015451456
2018_1116_1168,0.9006697212071253
2018_1120_1168,0.9355842151007019
2018_1137_1168,0.8385338994534313
2018_1138_1168,0.8745987331533714
2018_1139_1168,0.9082963231762167
2018_1153_1168,0.9694348598956349
2018_1155_1168,0.9292480722419718
2018_1158_1168,0.737846474491201
2018_1166_1168,0.9056014263221883
2018_1104_1172,0.3919266595329436
2018_1112_1172,0.6658930275057154
2018_1113_1172,0.39222426473310046
2018_1116_1172,0.48786864470681796
2018_1120_1172,0.6041026879740393
2018_1137_1172,0.35300340508679207
2018_1138_1172,0.4228763649352117
2018_1139_1172,0.509944957494661
2018_1153_1172,0.7691699134285473
2018_1155_1172,0.5798049706043806
2018_1158_1172,0.2282150338837279
2018_1166_1172,0.5019625394070444
2018_1168_1172,0.09507180749002483
2018_1104_1181,0.17854542679422766
2018_1112_1181,0.40195040209115324
2018_1113_1181,0.1787286277636659
2018_1116_1181,0.24313873640170997
2018_1120_1181,0.33974664049990894
2018_1137_1181,0.15539797471909042
2018_1138_1181,0.19813534641269298
2018_1139_1181,0.25975780804358184
2018_1153_1181,0.5291213064307658
2018_1155_1181,0.3175530343184942
2018_1158_1181,0.09067421008700742
2018_1166_1181,0.2536645178909704
2018_1168_1181,0.034216360467816585
2018_1172_1181,0.2521812036139313
2018_1104_1196,0.35126494289128324
2018_1112_1196,0.6260726641182852
2018_1113_1196,0.3515495226290028
2018_1116_1196,0.4445298132281972
2018_1120_1196,0.5617645439297604
2018_1137_1196,0.3142926884749393
2018_1138_1196,0.3810156524673835
2018_1139_1196,0.46643112609970494
2018_1153_1196,0.736793185698422
2018_1155_1196,0.5368604957029084
2018_1158_1196,0.19898017152302735
2018_1166_1196,0.4584925776997629
2018_1168_1196,0.0811006224646463
2018_1172_1196,0.45654419791015394
2018_1181_1196,0.7135625555112363
2018_1104_1199,0.408163462269936
2018_1112_1199,0.6807728654778741
2018_1113_1199,0.40846511470763697
2018_1116_1199,0.5047806252209749
2018_1120_1199,0.6201647028377804
2018_1137_1199,0.36860517426130485
2018_1138_1199,0.43946868912846715
2018_1139_1199,0.5268349664563567
2018_1153_1199,0.7809631602545446
2018_1155_1199,0.596193833282229
2018_1158_1199,0.24035036193424772
2018_1166_1199,0.5188680931791544
2018_1168_1199,0.10105425869680539
2018_1172_1199,0.5169080581386646
2018_1181_1199,0.760363029936159
2018_1196_1199,0.560186969933984
2018_1104_1209,0.656511536737678
2018_1112_1209,0.8552858511288943
2018_1113_1209,0.6567930447723851
2018_1116_1209,0.7385551791845198
2018_1120_1209,0.8190014515769953
2018_1137_1209,0.618018020747446
2018_1138_1209,0.6848240418136619
2018_1139_1209,0.7552464972627002
2018_1153_1209,0.9080986690808018
2018_1155_1209,0.8036050671179595
2018_1158_1209,0.4671946595785264
2018_1166_1209,0.7492953560250876
2018_1168_1209,0.23753971193865672
2018_1172_1209,0.747817797982096
2018_1181_1209,0.8978921468846801
2018_1196_1209,0.779244719179962
2018_1199_1209,0.7348458671666149
2018_1104_1211,0.1627589201815812
2018_1112_1211,0.3754389102077052
2018_1113_1211,0.16292913578856902
2018_1116_1211,0.2231928120878097
2018_1120_1211,0.3151757393800688
2018_1137_1211,0.14130604277846578
2018_1138_1211,0.18099839814778018
2018_1139_1211,0.23887883242900437
2018_1153_1211,0.5012522017219464
2018_1155_1211,0.293872800666245
2018_1158_1211,0.08188259271725211
2018_1166_1211,0.23312107145865213
2018_1168_1211,0.030713905413676214
2018_1172_1211,0.23172058858497876
2018_1181_1211,0.4721268296141059
2018_1196_1211,0.2641793205808299
2018_1199_1211,0.21989485222571484
2018_1209_1211,0.092320199483349
2018_1104_1222,0.237597697871122
2018_1112_1222,0.49074933503589063
2018_1113_1222,0.23782394854380165
2018_1116_1222,0.3153532335646043
2018_1120_1222,0.4245590855025586
2018_1137_1222,0.20873985502781175
2018_1138_1222,0.261603419104416
2018_1139_1222,0.3347253483739705
2018_1153_1222,0.6170286588830799
2018_1155_1222,0.40018319060153457
2018_1158_1222,0.12508947346868773
2018_1166_1222,0.32765188757337077
2018_1168_1222,0.04834232918062782
2018_1172_1222,0.3259248648236958
2018_1181_1222,0.589122277102312
2018_1196_1222,0.3653050261787299
2018_1199_1222,0.3112391056758083
2018_1209_1222,0.14019368535247032
2018_1211_1222,0.6158443620965989
2018_1104_1233,0.782659445482308
2018_1112_1233,0.9175958132726815
2018_1113_1233,0.7828717608808912
2018_1116_1233,0.8418313717148398
2018_1120_1233,0.8950168111317486
2018_1137_1233,0.7529837660289457
2018_1138_1233,0.8036833256458981
2018_1139_1233,0.8532394673914736
2018_1153_1233,0.9490241837681594
2018_1155_1233,0.8851800446014205
2018_1158_1233,0.6229375110729302
2018_1166_1233,0.8491952440346555
2018_1168_1233,0.36987101894905333
2018_1172_1233,0.8481871684167499
2018_1181_1233,0.9430779280854098
2018_1196_1233,0.8692922893140396
2018_1199_1233,0.8392684325118405
2018_1209_1233,0.6532702909184034
2018_1211_1233,0.9487813250929337
2018_1222_1233,0.9203511468066639
2018_1104_1242,0.22715245707624201
2018_1112_1242,0.4761252195158357
2018_1113_1242,0.22737172766717947
2018_1116_1242,0.3028475497529726
2018_1120_1242,0.4103181574701213
2018_1137_1242,0.1992317356030569
2018_1138_1242,0.2504495203089108
2018_1139_1242,0.32181253852533825
2018_1153_1242,0.6030980211823681
2018_1155_1242,0.38621113697423604
2018_1158_1242,0.11881946602415834
2018_1166_1242,0.3148827976985305
2018_1168_1242,0.04571819152320968
2018_1172_1242,0.31319172791527033
2018_1181_1242,0.5748759294469237
2018_1196_1242,0.35183641951774886
2018_1199_1242,0.29882536254149156
2018_1209_1242,0.1332819244902167
2018_1211_1242,0.6018984396065309
2018_1222_1242,0.4853629536556748
2018_1233_1242,0.07546007275656752
2018_1104_1243,0.4678775452141945
2018_1112_1243,0.7311021369502159
2018_1113_1243,0.4681884177432735
2018_1116_1243,0.5651324901424415
2018_1120_1243,0.6754946180095095
2018_1137_1243,0.42670449074239875
2018_1138_1243,0.4998942688552885
2018_1139_1243,0.5866997378494985
2018_1153_1243,0.8196804110999739
2018_1155_1243,0.6530621325460282
2018_1158_1243,0.2874371444900095
2018_1166_1243,0.5789352295305782
2018_1168_1243,0.1253548896014738
2018_1172_1243,0.5770204161194745
2018_1181_1243,0.8017974517023049
2018_1196_1243,0.618884598815828
2018_1199_1243,0.56042712665942
2018_1209_1243,0.3150846812378377
2018_1211_1243,0.8189388999008261
2018_1222_1243,0.7383148775461895
2018_1233_1243,0.1962499553815725
2018_1242_1243,0.7494710779716263
2018_1104_1246,0.276832140676337
2018_1112_1246,0.5420649725527631
2018_1113_1246,0.2770821739442585
2018_1116_1246,0.36134200291364205
2018_1120_1246,0.4754148595181262
2018_1137_1246,0.2447387148442772
2018_1138_1246,0.3032253209469036
2018_1139_1246,0.3819630933629835
2018_1153_1246,0.664323370984838
2018_1155_1246,0.450404513119877
2018_1158_1246,0.1493857413779212
2018_1166_1246,0.3744532595547847
2018_1168_1246,0.05873259683605692
2018_1172_1246,0.37261626466673253
2018_1181_1246,0.6378405033831887
2018_1196_1246,0.41417163363629994
2018_1199_1246,0.35694069765733455
2018_1209_1246,0.16686414036403432
2018_1211_1246,0.6632054978265661
2018_1222_1246,0.5512358880312318
2018_1233_1246,0.0960884665657383
2018_1242_1246,0.5656759218164871
2018_1243_1246,0.3033146837618888
2018_1104_1252,0.8697248549813682
2018_1112_1252,0.9537974693412294
2018_1113_1252,0.8698662597794097
2018_1116_1252,0.9079798000186102
2018_1120_1252,0.9404945692185654
2018_1137_1252,0.8496534543290337
2018_1138_1252,0.8835794655599569
2018_1139_1252,0.9150980407109693
2018_1153_1252,0.9718424718091312
2018_1155_1252,0.9346076655250043
2018_1158_1252,0.7538646594849969
2018_1166_1252,0.9125837889498041
2018_1168_1252,0.5211188874707564
2018_1172_1252,0.9119555107292394
2018_1181_1252,0.9684695032931622
2018_1196_1252,0.9249796153618596
2018_1199_1252,0.9063695047182359
2018_1209_1252,0.777428182903212
2018_1211_1252,0.9717050827000537
2018_1222_1252,0.955401168400509
2018_1233_1252,0.6496033214999504
2018_1242_1252,0.95783110428521
2018_1243_1252,0.883622963393584
2018_1246_1252,0.945769644714817
2018_1104_1254,0.9672158169588903
2018_1112_1254,0.9891573294148129
2018_1113_1254,0.9672553860083173
2018_1116_1254,0.9775807581124936
2018_1120_1254,0.9858847763423927
2018_1137_1254,0.9614998740165196
2018_1138_1254,0.9710475213222398
2018_1139_1254,0.9794369346152104
2018_1153_1254,0.9934863882857418
2018_1155_1254,0.9844139327104707
2018_1158_1254,0.9312005293533862
2018_1166_1254,0.9787838146854931
2018_1168_1254,0.8278510459610611
2018_1172_1254,0.9786201828346015
2018_1181_1254,0.9926866169342132
2018_1196_1254,0.9819777070341978
2018_1199_1254,0.9771577948073088
2018_1209_1254,0.9391571627244191
2018_1211_1254,0.9934538950554759
2018_1222_1254,0.9895471314391635
2018_1233_1254,0.8912180120220009
2018_1242_1254,0.9901358567058115
2018_1243_1254,0.9710594091525352
2018_1246_1254,0.9871908738509372
2018_1252_1254,0.8154692034353727
2018_1104_1260,0.3573995034518345
2018_1112_1260,0.6323285985098724
2018_1113_1260,0.3576863129129301
2018_1116_1260,0.45116042960375724
2018_1120_1260,0.5683545988851936
2018_1137_1260,0.3201001563001675
2018_1138_1260,0.3873595488254023
2018_1139_1260,0.4731101796472966
2018_1153_1260,0.7419602026439986
2018_1155_1260,0.5435207389733422
2018_1158_1260,0.20328859543840302
2018_1166_1260,0.4651570562279774
2018_1168_1260,0.08312151659166811
2018_1172_1260,0.463204581186794
2018_1181_1260,0.7190116945637396
2018_1196_1260,0.5067032566077285
2018_1199_1260,0.44642983540716186
2018_1209_1260,0.2254025173154884
2018_1211_1260,0.7410000766000546
2018_1222_1260,0.6408893971033779
2018_1233_1260,0.13378476115376367
2018_1242_1260,0.6542540299340901
2018_1243_1260,0.3874599187267698
2018_1246_1260,0.5923191671741991
2018_1252_1260,0.07690244902401419
2018_1254_1260,0.018503028915687284
2018_1104_1267,0.7136660840720278
2018_1112_1267,0.8851515160808245
2018_1113_1267,0.7139211621542191
2018_1116_1267,0.7864977247831247
2018_1120_1267,0.8550866236904159
2018_1137_1267,0.6784404504276637
2018_1138_1267,0.7391394490619756
2018_1139_1267,0.8009531710366158
2018_1153_1267,0.9279827387149928
2018_1155_1267,0.8421682357913269
2018_1158_1267,0.5334648040325605
2018_1166_1267,0.7958129174112026
2018_1168_1267,0.28889725236178987
2018_1172_1267,0.7945343391673144
2018_1181_1267,0.9197894766060842
2018_1196_1267,0.8215288591751659
2018_1199_1267,0.7832690038027543
2018_1209_1267,0.565980404877207
2018_1211_1267,0.9276472771403613
2018_1222_1267,0.8888602878841166
2018_1233_1267,0.4090302659975739
2018_1242_1267,0.8945153772925228
2018_1243_1267,0.7392209858764762
2018_1246_1267,0.866861185058004
2018_1252_1267,0.27184702166350144
2018_1254_1267,0.07790062942102488
2018_1260_1267,0.8175633677346239
2018_1104_1274,0.3912857771117877
2018_1112_1274,0.6652943021133809
2018_1113_1274,0.3915832090527824
2018_1116_1274,0.48719657560748597
2018_1120_1274,0.6034591728171005
2018_1137_1274,0.35238928539368636
2018_1138_1274,0.4222200141477486
2018_1139_1274,0.509272718643231
2018_1153_1274,0.7686919737412203
2018_1155_1274,0.5791494748067305
2018_1158_1274,0.22774159164622823
2018_1166_1274,0.501290059307659
2018_1168_1274,0.09484063459908003
2018_1172_1274,0.49932751307736806
2018_1181_1274,0.7473111719279918
2018_1196_1274,0.5427883168448783
2018_1199_1274,0.48242025448418874
2018_1209_1274,0.2516752525622255
2018_1211_1274,0.7678001845171527
2018_1222_1274,0.6734838825922042
2018_1233_1274,0.15146678270193778
2018_1242_1274,0.6862293662418855
2018_1243_1274,0.4223231900959877
2018_1246_1274,0.6267546815981407
2018_1252_1274,0.08782874529315533
2018_1254_1274,0.021323608506993358
2018_1260_1274,0.5361265075982891
2018_1267_1274,0.20502687578826184
2018_1104_1276,0.19818468072039297
2018_1112_1276,0.4332040769841777
2018_1113_1276,0.19838316643814857
2018_1116_1276,0.2675687073974113
2018_1120_1276,0.3691491092272527
2018_1137_1276,0.17302740895507634
2018_1138_1276,0.21935400854928913
2018_1139_1276,0.28522833011189247
2018_1153_1276,0.5609877634533514
2018_1155_1276,0.34604145607236514
2018_1158_1276,0.10184634896429294
2018_1166_1276,0.27876256267274546
2018_1168_1276,0.0387284923774518
2018_1172_1276,0.2771869934673556
2018_1181_1276,0.5320944616302223
2018_1196_1276,0.3134163993217692
2018_1199_1276,0.26383774488961864
2018_1209_1276,0.1145113473705078
2018_1211_1276,0.5597538150709439
2018_1222_1276,0.442312159120976
2018_1233_1276,0.06422928971106785
2018_1242_1276,0.45680330782988077
2018_1243_1276,0.21942643782333332
2018_1246_1276,0.3923490020239114
2018_1252_1276,0.035701535148126406
2018_1254_1276,0.008308323073781695
2018_1260_1276,0.3076753182789816
2018_1267_1276,0.09022132849248465
2018_1274_1276,0.27772625942802526
2018_1104_1277,0.18991445748073288
2018_1112_1277,0.4202669797402789
2018_1113_1277,0.19010662422231625
2018_1116_1277,0.2573323343060961
2018_1120_1277,0.3569203365902305
2018_1137_1277,0.16559018985936266
2018_1138_1277,0.21043223377932124
2018_1139_1277,0.274569619557589
2018_1153_1277,0.5479236034494538
2018_1155_1277,0.3341726778970608
2018_1158_1277,0.09710942016801438
2018_1166_1277,0.2682547915250603
2018_1168_1277,0.036806904626434114
2018_1172_1277,0.26671664967412195
2018_1181_1277,0.5189078480210116
2018_1196_1277,0.3021496063383477
2018_1199_1277,0.2536946674566598
2018_1209_1277,0.10925701908751527
2018_1211_1277,0.5466826074113509
2018_1222_1277,0.429309082887736
2018_1233_1277,0.061122884236573506
2018_1242_1277,0.4437131678759796
2018_1243_1277,0.21050251151130495
2018_1246_1277,0.37981440144933576
2018_1252_1277,0.03392483524548475
2018_1254_1277,0.00788371111062639
2018_1260_1277,0.296525773944233
2018_1267_1277,0.08597332998350779
2018_1274_1277,0.26724307696014366
2018_1276_1277,0.48678129998219655
2018_1104_1281,0.4562996412991277
2018_1112_1281,0.7218466236740244
2018_1113_1281,0.45660942216063194
2018_1116_1281,0.5536519577245966
2018_1120_1281,0.6652015840281823
2018_1137_1281,0.4153501699499283
2018_1138_1281,0.48825104517297463
2018_1139_1281,0.5753607538296056
2018_1153_1281,0.8126926592589092
2018_1155_1281,0.642434204919597
2018_1158_1281,0.2779916823988686
2018_1166_1281,0.5675402435165179
2018_1168_1281,0.12033613280214867
2018_1172_1281,0.5656124919422858
2018_1181_1281,0.7942906162986441
2018_1196_1281,0.6078383998881343
2018_1199_1281,0.5489215239985337
2018_1209_1281,0.30511972508951063
2018_1211_1281,0.8119290060866193
2018_1222_1281,0.7292156765863471
2018_1233_1281,0.18900617570375294
2018_1242_1281,0.740623516368237
2018_1243_1281,0.48835671845028
2018_1246_1281,0.6867527364416189
2018_1252_1281,0.11167182836336176
2018_1254_1281,0.027659842702545387
2018_1260_1281,0.6014284208964518
2018_1267_1281,0.25189988275006525
2018_1274_1281,0.5662732820043054
2018_1276_1281,0.772490971346935
2018_1277_1281,0.7816516608060748
2018_1104_1285,0.5561989462736375
2018_1112_1285,0.7948868914005226
2018_1113_1285,0.5565071296127877
2018_1116_1285,0.6494074223156698
2018_1120_1285,0.7479219311392099
2018_1137_1285,0.5147724757014699
2018_1138_1285,0.5875857222077798
2018_1139_1285,0.6692412854910814
2018_1153_1285,0.8662962546400078
2018_1155_1285,0.7284837371146723
2018_1158_1285,0.36506499787353897
2018_1166_1285,0.6621344578073336
2018_1168_1285,0.16962987363611912
2018_1172_1285,0.6603760419759894
2018_1181_1285,0.8522027719679784
2018_1196_1285,0.6983037158679791
2018_1199_1285,0.6450411860703171
2018_1209_1285,0.3960293979222835
2018_1211_1285,0.8657150329173091
2018_1222_1285,0.800854749866675
2018_1233_1285,0.25817370001991247
2018_1242_1285,0.8100307594931457
2018_1243_1285,0.5876882051799687
2018_1246_1285,0.7660212651331127
2018_1252_1285,0.1580540806124948
2018_1254_1285,0.04074883022810238
2018_1260_1285,0.692624668259975
2018_1267_1285,0.3345879154673185
2018_1274_1285,0.6609790820018214
2018_1276_1285,0.8352674387744379
2018_1277_1285,0.8424160611976405
2018_1281_1285,0.5989274754306225
2018_1104_1293,0.42740297239868774
2018_1112_1293,0.6977135780026757
2018_1113_1293,0.4277085680249736
2018_1116_1293,0.5245380020746984
2018_1120_1293,0.6386143774206237
2018_1137_1293,0.3871999529057229
2018_1138_1293,0.45903930293034323
2018_1139_1293,0.5465029507511402
2018_1153_1293,0.7941943425276005
2018_1155_1293,0.6150851795412086
2018_1158_1293,0.25508908683603015
2018_1166_1293,0.5385771942469341
2018_1168_1293,0.10847079269137795
2018_1172_1293,0.536625746460325
2018_1181_1293,0.7744792461810689
2018_1196_1293,0.5795749422465994
2018_1199_1293,0.5197666519067676
2018_1209_1293,0.2808515338808367
2018_1211_1293,0.7933744464237148
2018_1222_1293,0.7054611042538257
2018_1233_1293,0.1716914056826788
2018_1242_1293,0.7174819783534613
2018_1243_1293,0.45914432630778074
2018_1246_1293,0.6610047945952437
2018_1252_1293,0.10056313767030209
2018_1254_1293,0.024676198077117337
2018_1260_1293,0.5730275003895514
2018_1267_1293,0.23046074528446472
2018_1274_1293,0.5372945590601574
2018_1276_1293,0.7512376596572687
2018_1277_1293,0.7609893404609566
2018_1281_1293,0.470731917226166
2018_1285_1293,0.37327216180518574
2018_1104_1300,0.9904145298314426
2018_1112_1300,0.9968798952933381
2018_1113_1300,0.9904263762128818
2018_1116_1300,0.9934943734260056
2018_1120_1300,0.9959285862150818
2018_1137_1300,0.9886960260348697
2018_1138_1300,0.9915585110918068
2018_1139_1300,0.9940410309283045
2018_1153_1300,0.998131456861088
2018_1155_1300,0.995499556569679
2018_1158_1300,0.9793399767276094
2018_1166_1300,0.9938488502279884
2018_1168_1300,0.9439523144791178
2018_1172_1300,0.993800672982858
2018_1181_1300,0.9979008233980639
2018_1196_1300,0.9947869255599674
2018_1199_1300,0.9933696014467228
2018_1209_1300,0.9818378854665056
2018_1211_1300,0.9981220918110494
2018_1222_1300,0.9969929093803018
2018_1233_1300,0.9663216963963132
2018_1242_1300,0.9971634764845059
2018_1243_1300,0.991562050331667
2018_1246_1300,0.9963087982971937
2018_1252_1300,0.9393088787974734
2018_1254_1300,0.7778878049387951
2018_1260_1300,0.9946460063944343
2018_1267_1300,0.9764458812590942
2018_1274_1300,0.9938172234847931
2018_1276_1300,0.9976135382225043
2018_1277_1300,0.9977361935678682
2018_1281_1300,0.9919429948811933
2018_1285_1300,0.988015988360557
2018_1293_1300,0.992827695005107
2018_1104_1301,0.4585550258854695
2018_1112_1301,0.7236675524833164
2018_1113_1301,0.45886504566125513
2018_1116_1301,0.5558965483381366
2018_1120_1301,0.6672223849602977
2018_1137_1301,0.4175585956208795
2018_1138_1301,0.49052187649601653
2018_1139_1301,0.5775794682576427
2018_1153_1301,0.8140720495750368
2018_1155_1301,0.644518989641281
2018_1158_1301,0.2798193172205251
2018_1166_1301,0.5697692649709258
2018_1168_1301,0.12130141019271005
2018_1172_1301,0.567843883627851
2018_1181_1301,0.7957714694649705
2018_1196_1301,0.6100024443127513
2018_1199_1301,0.551170618446949
2018_1209_1301,0.30704986336493423
2018_1211_1301,0.813312728321162
2018_1222_1301,0.7310063409591624
2018_1233_1301,0.19040306183562736
2018_1242_1301,0.742365394825878
2018_1243_1301,0.49062757005819485
2018_1246_1301,0.6887043311449599
2018_1252_1301,0.112576499440894
2018_1254_1301,0.027905299145090927
2018_1260_1301,0.6036047698003628
2018_1267_1301,0.25361623452627763
2018_1274_1301,0.5685038688216991
2018_1276_1301,0.7740841200898824
2018_1277_1301,0.7831986645400499
2018_1281_1301,0.5022718432622858
2018_1285_1301,0.40325739710216085
2018_1293_1301,0.53153153958015
2018_1300_1301,0.008129958354951486
2018_1104_1305,0.3016094075115767
2018_1112_1305,0.5718107683457813
2018_1113_1305,0.3018724779176023
2018_1116_1305,0.38960809186759593
2018_1120_1305,0.5055408723287258
2018_1137_1305,0.26770687143348587
2018_1138_1305,0.32928921262305827
2018_1139_1305,0.4108046830695707
2018_1153_1305,0.6906596609215362
2018_1155_1305,0.4803970269071337
2018_1158_1305,0.16536455305355796
2018_1166_1305,0.4030976390160504
2018_1168_1305,0.06576451919145185
2018_1172_1305,0.4012102488426148
2018_1181_1305,0.6652074523460935
2018_1196_1305,0.44369925729691745
2018_1199_1305,0.3850700801738133
2018_1209_1305,0.18430741568665546
2018_1211_1305,0.6895885119371221
2018_1222_1305,0.5808466085432484
2018_1233_1305,0.10708410180630382
2018_1242_1305,0.5950338196810008
2018_1243_1305,0.3293826255594054
2018_1246_1305,0.5301096062991799
2018_1252_1305,0.06075802912893356
2018_1254_1305,0.014427007997218702
2018_1260_1305,0.43709096773027634
2018_1267_1305,0.1476815167582733
2018_1274_1305,0.40185665521277797
2018_1276_1305,0.6359973554834766
2018_1277_1305,0.6481507283458582
2018_1281_1305,0.33975255130282805
2018_1285_1305,0.256279743440738
2018_1293_1305,0.36651640950971043
2018_1300_1305,0.0041622819072215265
2018_1301_1305,0.3377170290914108
2018_1104_1308,0.4744744145950439
2018_1112_1308,0.7362751190546353
2018_1113_1308,0.47478575941450496
2018_1116_1308,0.5716275568980678
2018_1120_1308,0.6812709919756159
2018_1137_1308,0.43319343292614976
2018_1138_1308,0.50651286392842
2018_1139_1308,0.5931046102362771
2018_1153_1308,0.8235605919342678
2018_1155_1308,0.6590362604365105
2018_1158_1308,0.29289022049839936
2018_1166_1308,0.5853753926742923
2018_1168_1308,0.12828663869289794
2018_1172_1308,0.5834687948999976
2018_1181_1308,0.8059713545971963
2018_1196_1308,0.6251094078830934
2018_1199_1308,0.5669386173561433
2018_1209_1308,0.3208261114154305
2018_1211_1308,0.8228315880319985
2018_1222_1308,0.7433978037761765
2018_1233_1308,0.200459757786026
2018_1242_1308,0.7544093891775477
2018_1243_1308,0.5066185768297351
2018_1246_1308,0.7022507516497816
2018_1252_1308,0.11912741346266002
2018_1254_1308,0.029693994859541748
2018_1260_1308,0.618804688941625
2018_1267_1308,0.26591508202396374
2018_1274_1308,0.584122394087259
2018_1276_1308,0.7850746074615965
2018_1277_1308,0.7938638208497621
2018_1281_1308,0.5182562309233373
2018_1285_1308,0.41874173182785407
2018_1293_1308,0.5474229566223926
2018_1300_1308,0.008662374204621966
2018_1301_1308,0.5159870399170097
2018_1305_1308,0.67643898047673
2018_1104_1314,0.22144223021191886
2018_1112_1314,0.46794580651953227
2018_1113_1314,0.22165756961507554
2018_1116_1314,0.29596317471897987
2018_1120_1314,0.4024008818401477
2018_1137_1314,0.19404715979287615
2018_1138_1314,0.2443387999666045
2018_1139_1314,0.31469165201684796
2018_1153_1314,0.595215653414822
2018_1155_1314,0.37846047809252414
2018_1158_1314,0.1154258169047461
2018_1166_1314,0.3078456450460709
2018_1168_1314,0.04430743414208043
2018_1172_1314,0.3061754786719036
2018_1181_1314,0.5668356355002402
2018_1196_1314,0.3443885440412602
2018_1199_1314,0.29199412483974163
2018_1209_1314,0.12953592955767682
2018_1211_1314,0.5940082858132627
2018_1222_1314,0.4771693923057948
2018_1233_1314,0.07320195070720707
2018_1242_1314,0.4917954717210317
2018_1243_1314,0.24441689607510583
2018_1246_1314,0.42627844636732976
2018_1252_1314,0.04086297152014083
2018_1254_1314,0.009548688170125266
2018_1260_1314,0.33835971761235334
2018_1267_1314,0.10242756425294543
2018_1274_1314,0.30674720786345183
2018_1276_1314,0.5350418403802624
2018_1277_1314,0.5481712871646509
2018_1281_1314,0.25312150783403514
2018_1285_1314,0.18497002394352358
2018_1293_1314,0.2759128811440723
2018_1300_1314,0.0027451884360539095
2018_1301_1314,0.25140737638459115
2018_1305_1314,0.3970826338629999
2018_1308_1314,0.23956055297010742
2018_1104_1326,0.2884657718431389
2018_1112_1326,0.5562709838842387
2018_1113_1326,0.2887221174891801
2018_1116_1326,0.37468701218512096
2018_1120_1326,0.48974219375945915
2018_1137_1326,0.2555001519500941
2018_1138_1326,0.3154842322868701
2018_1139_1326,0.3955979419510058
2018_1153_1326,0.6769966652937347
2018_1155_1326,0.4646457264023804
2018_1158_1326,0.15682500329891186
2018_1166_1326,0.38798832334150357
2018_1168_1326,0.06198640033334562
2018_1172_1326,0.3861259144667416
2018_1181_1326,0.6509883608543336
2018_1196_1326,0.4281597128533594
2018_1199_1326,0.3702173847372085
2018_1209_1326,0.17499474259417952
2018_1211_1326,0.6759004066793163
2018_1222_1326,0.5653855047020458
2018_1233_1326,0.1011893156237633
2018_1242_1326,0.5797173767608026
2018_1243_1326,0.3155755716290574
2018_1246_1326,0.5143418016418039
2018_1252_1326,0.05724990383968007
2018_1254_1326,0.013555394781004544
2018_1260_1326,0.4216074602952464
2018_1267_1326,0.13990206700079316
2018_1274_1326,0.38676371536689935
2018_1276_1326,0.6212440404190597
2018_1277_1326,0.6336062237385502
2018_1281_1326,0.3257219401913622
2018_1285_1326,0.24442015890277136
2018_1293_1326,0.35196974104541223
2018_1300_1326,0.003908356814330391
2018_1301_1326,0.32372926212832087
2018_1305_1326,0.48420491241176283
2018_1308_1326,0.30988523185360084
2018_1314_1326,0.5876924862346293
2018_1104_1328,0.5132529162851518
2018_1112_1328,0.765291533676707
2018_1113_1328,0.5135648402455207
2018_1116_1328,0.6091426720486237
2018_1120_1328,0.7139883677435791
2018_1137_1328,0.47162589914846004
2018_1138_1328,0.5451933689594611
2018_1139_1328,0.6299564370772508
2018_1153_1328,0.8449952011060342
2018_1155_1328,0.6930075387372684
2018_1158_1328,0.3260351417368313
2018_1166_1328,0.6224816690153679
2018_1168_1328,0.14666786139091817
2018_1172_1328,0.6206351203136665
2018_1181_1328,0.8290993592370349
2018_1196_1328,0.6607207396843353
2018_1199_1328,0.60458031438606
2018_1209_1328,0.355542827450495
2018_1211_1328,0.8443380204142688
2018_1222_1328,0.7718733559041795
2018_1233_1328,0.22649520718403188
2018_1242_1328,0.7820212745551328
2018_1243_1328,0.5452982342887587
2018_1246_1328,0.7336565023871999
2018_1252_1328,0.13640163136918107
2018_1254_1328,0.03450784147390869
2018_1260_1328,0.6546840801002094
2018_1267_1328,0.29729078651688934
2018_1274_1328,0.6212682554129736
2018_1276_1328,0.8101066126642104
2018_1277_1328,0.818109329619352
2018_1281_1328,0.5568216403258848
2018_1285_1328,0.4569256428860887
2018_1293_1328,0.5855208179197542
2018_1300_1328,0.010102174238059342
2018_1301_1328,0.5545779789056834
2018_1305_1328,0.7094408164175834
2018_1308_1328,0.538726099309412
2018_1314_1328,0.7875642786496986
2018_1326_1328,0.7222943837460457
2018_1104_1335,0.6955477250770398
2018_1112_1335,0.8759988433750727
2018_1113_1335,0.6958120640952392
2018_1116_1335,0.7715124544519871
2018_1120_1335,0.8439603521968005
2018_1137_1335,0.6591576614248178
2018_1138_1335,0.7220050924643341
2018_1139_1335,0.7867073461383357
2018_1153_1335,0.9219424244446602
2018_1155_1335,0.8302470113338621
2018_1158_1335,0.5117449399447398
2018_1166_1335,0.7812996555896708
2018_1168_1335,0.2713434641172932
2018_1172_1335,0.7799553265822912
2018_1181_1335,0.9131262998370255
2018_1196_1335,0.8084033774318335
2018_1199_1335,0.7681239278914249
2018_1209_1335,0.5444817256955035
2018_1211_1335,0.9215812042917803
2018_1222_1335,0.8799630979730273
2018_1233_1335,0.38816149722831833
2018_1242_1335,0.8860128447066627
2018_1243_1335,0.7220899712581236
2018_1246_1335,0.856487221736562
2018_1252_1335,0.2549577842882246
2018_1254_1335,0.0718715133051945
2018_1260_1335,0.8042157501883337
2018_1267_1335,0.47824593484437106
2018_1274_1335,0.7804166414863317
2018_1276_1335,0.902372154291128
2018_1277_1335,0.9069332089909723
2018_1281_1335,0.7313404008830737
2018_1285_1335,0.6457559638150492
2018_1293_1335,0.7537363986675973
2018_1300_1335,0.021632472373191172
2018_1301_1335,0.729551137578287
2018_1305_1335,0.8410191924748424
2018_1308_1335,0.7167457899033415
2018_1314_1335,0.889285817251143
2018_1326_1335,0.849288608277396
2018_1328_1335,0.6842043280446752
2018_1104_1344,0.5446937309059132
2018_1112_1344,0.7872020715391574
2018_1113_1344,0.5450033679486503
2018_1116_1344,0.6387491430626917
2018_1120_1344,0.7390551506301198
2018_1137_1344,0.5031526597917654
2018_1138_1344,0.5762743056770274
2018_1139_1344,0.658869236194958
2018_1153_1344,0.8608184168239758
2018_1155_1344,0.71918993343781
2018_1158_1344,0.3543566157284347
2018_1166_1344,0.6516555493475161
2018_1168_1344,0.1631808359201198
2018_1172_1344,0.6498714348645568
2018_1181_1344,0.846250003117675
2018_1196_1344,0.6884187157958044
2018_1199_1344,0.6343249128002607
2018_1209_1344,0.38496343210118134
2018_1211_1344,0.8602172247973802
2018_1222_1344,0.7933353907317302
2018_1233_1344,0.24936930992375025
2018_1242_1344,0.8027725442362347
2018_1243_1344,0.5763775730001514
2018_1246_1344,0.757584777488793
2018_1252_1344,0.15196459430588094
2018_1254_1344,0.038969677636640734
2018_1260_1344,0.6826381610483321
2018_1267_1344,0.32431687873720877
2018_1274_1344,0.6504832550050004
2018_1276_1344,0.8287696240696316
2018_1277_1344,0.8361449060319224
2018_1281_1344,0.5877088616315271
2018_1285_1344,0.4883780190144172
2018_1293_1344,0.6157880006785339
2018_1300_1344,0.011445786876331661
2018_1301_1344,0.5855051696661446
2018_1305_1344,0.7347580962386413
2018_1308_1344,0.5699003376700763
2018_1314_1344,0.8079174740495654
2018_1326_1344,0.7468912681428248
2018_1328_1344,0.5315154839003663
2018_1335_1344,0.34368125415213596
2018_1104_1345,0.18138371637323095
2018_1112_1345,0.4065823166939773
2018_1113_1345,0.18156918592413765
2018_1116_1345,0.2466954780662935
2018_1120_1345,0.34407414485708304
2018_1137_1345,0.15793904383565655
2018_1138_1345,0.20120877295567166
2018_1139_1345,0.26347303079324336
2018_1153_1345,0.5339103883496432
2018_1155_1345,0.32173560107924143
2018_1158_1345,0.09227254154211989
2018_1166_1345,0.2573228856177639
2018_1168_1345,0.034857647973818406
2018_1172_1345,0.2558255116890534
2018_1181_1345,0.5048080740835378
2018_1196_1345,0.2903845654324858
2018_1199_1345,0.24315894363982604
2018_1209_1345,0.1038847025417243
2018_1211_1345,0.5326637345693774
2018_1222_1345,0.41554103209819
2018_1233_1345,0.05796337241952845
2018_1242_1345,0.4298310988758784
2018_1243_1345,0.20127675558465022
2018_1246_1345,0.36661396572440963
2018_1252_1345,0.03212311972858904
2018_1254_1345,0.007454343232727857
2018_1260_1345,0.2848903164824036
2018_1267_1345,0.08164096930789523
2018_1274_1345,0.2563379573272463
2018_1276_1345,0.4726967595099391
2018_1277_1345,0.4858950969238818
2018_1281_1345,0.2088696939158423
2018_1285_1345,0.15023611766364994
2018_1293_1345,0.22889771520545932
2018_1300_1345,0.0021398533518167035
2018_1301_1345,0.20737203004010682
2018_1305_1345,0.33908935733518397
2018_1308_1345,0.19705402426204094
2018_1314_1345,0.43789260555518733
2018_1326_1345,0.35339399093305196
2018_1328_1345,0.17364309218305862
2018_1335_1345,0.08841155280281028
2018_1344_1345,0.15626910413573564
2018_1104_1347,0.8789597939725761
2018_1112_1347,0.9573648272802447
2018_1113_1347,0.8790925683756662
2018_1116_1347,0.91476867660189
2018_1120_1347,0.9450298647549918
2018_1137_1347,0.8600823165184185
2018_1138_1347,0.8919542886610874
2018_1139_1347,0.9214072186880413
2018_1153_1347,0.974054451926488
2018_1155_1347,0.9395628076373013
2018_1158_1347,0.7691325351104341
2018_1166_1347,0.9190632793199868
2018_1168_1347,0.5420539206815306
2018_1172_1347,0.9184774104021304
2018_1181_1347,0.9709385312316189
2018_1196_1347,0.9306101616438701
2018_1199_1347,0.9132658339571226
2018_1209_1347,0.7916383922233469
2018_1211_1347,0.9739275661876691
2018_1222_1347,0.9588500447948901
2018_1233_1347,0.6684945995226454
2018_1242_1347,0.9610997220411336
2018_1243_1347,0.8919950399188975
2018_1246_1347,0.9499242991065424
2018_1252_1347,0.5210096706427749
2018_1254_1347,0.1975212671097586
2018_1260_1347,0.9288584886946305
2018_1267_1347,0.7444751615001087
2018_1274_1347,0.918678598215241
2018_1276_1347,0.9670830089444724
2018_1277_1347,0.9687256292579935
2018_1281_1347,0.8964014444715315
2018_1285_1347,0.8528168047912789
2018_1293_1347,0.9067913024521155
2018_1300_1347,0.06566562745605815
2018_1301_1347,0.8955544864844098
2018_1305_1347,0.943867037060589
2018_1308_1347,0.889417761622562
2018_1314_1347,0.9623084040673887
2018_1326_1347,0.9471231484262551
2018_1328_1347,0.8732042867148769
2018_1335_1347,0.7606836220044705
2018_1344_1347,0.8585578205125737
2018_1345_1347,0.9703908953880869
2018_1104_1348,0.39973338714201256
2018_1112_1348,0.6731160358329537
2018_1113_1348,0.4000330204744885
2018_1116_1348,0.4960275101242326
2018_1120_1348,0.6118829376772876
2018_1137_1348,0.3604944643827215
2018_1138_1348,0.4308627538037927
2018_1139_1348,0.5180995204914123
2018_1153_1348,0.7749149006346003
2018_1155_1348,0.5877368568334945
2018_1158_1348,0.23401578328118106
2018_1166_1348,0.51012232944182
2018_1168_1348,0.09791769641755708
2018_1172_1348,0.5081604384657179
2018_1181_1348,0.7539251731354711
2018_1196_1348,0.5515431279767482
2018_1199_1348,0.49124754976101775
2018_1209_1348,0.2583881924122175
2018_1211_1348,0.774040050861044
2018_1222_1348,0.6812059401480172
2018_1233_1348,0.15606428941142317
2018_1242_1348,0.6937870456521855
2018_1243_1348,0.43096646640636427
2018_1246_1348,0.6349829109913914
2018_1252_1348,0.09070110581002705
2018_1254_1348,0.022073610596024064
2018_1260_1348,0.5449019270431587
2018_1267_1348,0.2108461401335654
2018_1274_1348,0.5088327314868588
2018_1276_1348,0.7293057029329459
2018_1277_1348,0.7396191422800943
2018_1281_1348,0.44242463696353534
2018_1285_1348,0.3469833612158293
2018_1293_1348,0.47150062016889316
2018_1300_1348,0.006403724024039476
2018_1301_1348,0.4401840898992544
2018_1305_1348,0.6066064190105556
2018_1308_1348,0.424485900264197
2018_1314_1348,0.7007150811636926
2018_1326_1348,0.6215825954161852
2018_1328_1348,0.38708067096613297
2018_1335_1348,0.22569848071666254
2018_1344_1348,0.3575923358278839
2018_1345_1348,0.7503396487830858
2018_1347_1348,0.08400054344602037
2018_1104_1355,0.5303736803907284
2018_1112_1355,0.7773921283952392
2018_1113_1355,0.5306846651183142
2018_1116_1355,0.6253525982789165
2018_1120_1355,0.7277931474203956
2018_1137_1355,0.48875238387323866
2018_1138_1355,0.5621490842938579
2018_1139_1355,0.6458050819157074
2018_1153_1355,0.8537717697860785
2018_1155_1355,0.7074100003644849
2018_1158_1355,0.34128964922125915
2018_1166_1355,0.6384667239354948
2018_1168_1355,0.15546601178072722
2018_1172_1355,0.6366527240610715
2018_1181_1355,0.838604060537551
2018_1196_1355,0.675929597414008
2018_1199_1355,0.6208616851733313
2018_1209_1355,0.37141709789404864
2018_1211_1355,0.8531453325737657
2018_1222_1355,0.7837305134004705
2018_1233_1355,0.23874221660383518
2018_1242_1355,0.7934920964146427
2018_1243_1355,0.5622531791399862
2018_1246_1355,0.746848557783991
2018_1252_1355,0.1446883622543434
2018_1254_1355,0.036868551516045275
2018_1260_1355,0.6700283996024322
2018_1267_1355,0.3118226435980046
2018_1274_1355,0.6372747503276096
2018_1276_1355,0.8204388381046116
2018_1277_1355,0.8280985191355669
2018_1281_1355,0.5736828301930358
2018_1285_1355,0.4739971901605509
2018_1293_1355,0.6020704308914037
2018_1300_1355,0.010811969337944505
2018_1301_1355,0.5714588345650902
2018_1305_1355,0.723380051936734
2018_1308_1355,0.5557264455984682
2018_1314_1355,0.7988184481776178
2018_1326_1355,0.7358465824651788
2018_1328_1355,0.5171483757106532
2018_1335_1355,0.330806247350575
2018_1344_1355,0.4856017663087414
2018_1345_1355,0.835983958885547
2018_1347_1355,0.1345898113150016
2018_1348_1355,0.6290680043337591
2018_1104_1361,0.39936218338147556
2018_1112_1361,0.6727754982701427
2018_1113_1361,0.39966172372541914
2018_1116_1361,0.49564072029042894
2018_1120_1361,0.6115154257881595
2018_1137_1361,0.36013783731620785
2018_1138_1361,0.43048337362959244
2018_1139_1361,0.5177131999175948
2018_1153_1361,0.7746449087829024
2018_1155_1361,0.5873618997842465
2018_1158_1361,0.23373854614738163
2018_1166_1361,0.5097356652931204
2018_1168_1361,0.09778111161654035
2018_1172_1361,0.5077737199914887
2018_1181_1361,0.7536380083234075
2018_1196_1361,0.5511603914387492
2018_1199_1361,0.49086085689858505
2018_1209_1361,0.25809181022381483
2018_1211_1361,0.7737693159801975
2018_1222_1361,0.6808698346977797
2018_1233_1361,0.15586061007243587
2018_1242_1361,0.6934582355813318
2018_1243_1361,0.4305870640012508
2018_1246_1361,0.6346242112407059
2018_1252_1361,0.09057357667272689
2018_1254_1361,0.02204023541456702
2018_1260_1361,0.5445182033282592
2018_1267_1361,0.21058880551943923
2018_1274_1361,0.5084460302871701
2018_1276_1361,0.7290001348737564
2018_1277_1361,0.7393210550518657
2018_1281_1361,0.4420429834032724
2018_1285_1361,0.3466328554126723
2018_1293_1361,0.4711150772542572
2018_1300_1361,0.006393886719109689
2018_1301_1361,0.4398028445873734
2018_1305_1361,0.6062371260414995
2018_1308_1361,0.4241079508963166
2018_1314_1361,0.7003904977531747
2018_1326_1361,0.6212185825100414
2018_1328_1361,0.38671364730999175
2018_1335_1361,0.22542819718179752
2018_1344_1361,0.3572369759770746
2018_1345_1361,0.75004968693964
2018_1347_1361,0.08388156645286562
2018_1348_1361,0.49961318335902327
2018_1355_1361,0.37057102631680566
2018_1104_1371,0.36154471237927827
2018_1112_1371,0.6365040590305971
2018_1113_1371,0.36183297526249064
2018_1116_1371,0.45562205919530185
2018_1120_1371,0.5727657047199121
2018_1137_1371,0.32403089995482254
2018_1138_1371,0.39164046356632937
2018_1139_1371,0.4775999845071178
2018_1153_1371,0.7453919455250771
2018_1155_1371,0.5479837927400798
2018_1158_1371,0.20621999596579868
2018_1166_1371,0.46963866007707405
2018_1168_1371,0.08450391092161559
2018_1172_1371,0.46768382293701016
2018_1181_1371,0.7226345442664854
2018_1196_1371,0.5112025531334824
2018_1199_1371,0.45088311539527054
2018_1209_1371,0.2285613175814048
2018_1211_1371,0.7444401903320169
2018_1222_1371,0.6450222148518858
2018_1233_1371,0.13588486249695292
2018_1242_1371,0.6583150418035325
2018_1243_1371,0.39174123342563305
2018_1246_1371,0.5966591695425759
2018_1252_1371,0.07819023433534908
2018_1254_1371,0.018832826772525988
2018_1260_1371,0.5045006483922508
2018_1267_1371,0.18513722140362487
2018_1274_1371,0.46835355885886576
2018_1276_1371,0.6961462046483511
2018_1277_1371,0.7072158296343659
2018_1281_1371,0.40289491606298367
2018_1285_1371,0.3112213441429721
2018_1293_1371,0.4313829382087806
2018_1300_1371,0.005450724709210889
2018_1301_1371,0.40071068866751824
2018_1305_1371,0.5673334238137194
2018_1308_1371,0.3854509628135178
2018_1314_1371,0.6656588726747743
2018_1326_1371,0.5827763683593049
2018_1328_1371,0.3493971824115817
2018_1335_1371,0.19863441759578568
2018_1344_1371,0.3212748460713355
2018_1345_1371,0.718763164499591
2018_1347_1371,0.07234038581481692
2018_1348_1371,0.4595660364957129
2018_1355_1371,0.33396402058639296
2018_1361_1371,0.45995034753276043
2018_1104_1372,0.6900460031080407
2018_1112_1372,0.8731633892499594
2018_1113_1372,0.6903129921167656
2018_1116_1372,0.7669234768697928
2018_1120_1372,0.8405256640523929
2018_1137_1372,0.653326099181867
2018_1138_1372,0.7167868024501292
2018_1139_1372,0.7823374472555801
2018_1153_1372,0.9200616645082164
2018_1155_1372,0.826572498640829
2018_1158_1372,0.5052841767634626
2018_1166_1372,0.7768503910651497
2018_1168_1372,0.26626263645853915
2018_1172_1372,0.7754865719077971
2018_1181_1372,0.9110536133038942
2018_1196_1372,0.8043674466765465
2018_1199_1372,0.7634877575564499
2018_1209_1372,0.5380631243208662
2018_1211_1372,0.9196924990566719
2018_1222_1372,0.8772055851684802
2018_1233_1372,0.38204014769138067
2018_1242_1372,0.8833758890423269
2018_1243_1372,0.7168726497310761
2018_1246_1372,0.8532803345686689
2018_1252_1372,0.2500784726074127
2018_1254_1372,0.07016607253198298
2018_1260_1372,0.800113419395486
2018_1267_1372,0.4717994254432731
2018_1274_1372,0.7759545642182822
2018_1276_1372,0.9000709677207578
2018_1277_1372,0.9047281803820182
2018_1281_1372,0.7262309002505548
2018_1285_1372,0.6398203996872106
2018_1293_1372,0.7489065974799178
2018_1300_1372,0.021092063500048493
2018_1301_1372,0.7244204305050237
2018_1305_1372,0.8375322274039524
2018_1308_1372,0.7114682289729606
2018_1314_1372,0.8867148968268496
2018_1326_1372,0.8459497956959827
2018_1328_1372,0.6785923430677774
2018_1335_1372,0.4935376325273134
2018_1344_1372,0.6504643682698583
2018_1345_1372,0.9094827067610367
2018_1347_1372,0.23464213337086506
2018_1348_1372,0.7697518404070796
2018_1355_1372,0.663446228493141
2018_1361_1372,0.7700259541453874
2018_1371_1372,0.7972185895091709
2018_1104_1382,0.464892329053822
2018_1112_1382,0.7287374684379687
2018_1113_1382,0.46520295214235635
2018_1116_1382,0.5621823274365811
2018_1120_1382,0.6728597535823388
2018_1137_1382,0.4237727646015136
2018_1138_1382,0.4968955293656399
2018_1139_1382,0.5837881308173054
2018_1153_1382,0.8179006762946317
2018_1155_1382,0.6503394087038048
2018_1158_1382,0.2849866176444938
2018_1166_1382,0.5760084528833321
2018_1168_1382,0.12404563181327721
2018_1172_1382,0.5740901214341063
2018_1181_1382,0.7998843052036447
2018_1196_1382,0.61605134665609
2018_1199_1382,0.5574700387692385
2018_1209_1382,0.31250181897388424
2018_1211_1382,0.8171534790319175
2018_1222_1382,0.7359907326708148
2018_1233_1382,0.1943647858494643
2018_1242_1382,0.7472120917661482
2018_1243_1382,0.49700125656027283
2018_1246_1382,0.6941446055762225
2018_1252_1382,0.11514920234078425
2018_1254_1382,0.028605389704248647
2018_1260_1382,0.6096894092354352
2018_1267_1382,0.258473319274636
2018_1274_1382,0.5747477112336224
2018_1276_1382,0.778512143693003
2018_1277_1382,0.7874970829093368
2018_1281_1382,0.5086457455693733
2018_1285_1382,0.4094083372839933
2018_1293_1382,0.5378754916066765
2018_1300_1382,0.00833817898838218
2018_1301_1382,0.5063744031126968
2018_1305_1382,0.6679623745431806
2018_1308_1382,0.49038344317281607
2018_1314_1382,0.7533610927763974
2018_1326_1382,0.6818279184917336
2018_1328_1382,0.4517292502252833
2018_1335_1382,0.2755093202412913
2018_1344_1382,0.42069633735891676
2018_1345_1382,0.7967879448470243
2018_1347_1382,0.10685477378125682
2018_1348_1382,0.5660895159234116
2018_1355_1382,0.4347967663086295
2018_1361_1382,0.5664695355034667
2018_1371_1382,0.6053968874166595
2018_1372_1382,0.2806990921964699
2018_1104_1393,0.5222863865758159
2018_1112_1393,0.7717278216820393
2018_1113_1393,0.5225979061766426
2018_1116_1393,0.6177220123110365
2018_1120_1393,0.7213192078965054
2018_1137_1393,0.48065019237886886
2018_1138_1393,0.5541489938226598
2018_1139_1393,0.6383501551574385
2018_1153_1393,0.8496751446543557
2018_1155_1393,0.7006506787278666
2018_1158_1393,0.3340348016620693
2018_1166_1393,0.6309456079664083
2018_1168_1393,0.15125422163192964
2018_1172_1393,0.6291157923079046
2018_1181_1393,0.8341650448659974
2018_1196_1393,0.6687835313667514
2018_1199_1393,0.6131962075074634
2018_1209_1393,0.3638756004897573
2018_1211_1393,0.8490342608224148
2018_1222_1393,0.7781814687319377
2018_1233_1393,0.23289651263446134
2018_1242_1393,0.7881258042732393
2018_1243_1393,0.5542534824988947
2018_1246_1393,0.7406663286892925
2018_1252_1393,0.14071990237983276
2018_1254_1393,0.03573378459869161
2018_1260_1393,0.6628171194617981
2018_1267_1393,0.3049042394461975
2018_1274_1393,0.6297432174883353
2018_1276_1393,0.8156100620007322
2018_1277_1393,0.8234313974149983
2018_1281_1393,0.5657306787615889
2018_1285_1393,0.4659166867836616
2018_1293_1393,0.594273305454836
2018_1300_1393,0.01047047209376791
2018_1301_1393,0.5634967633224466
2018_1305_1393,0.7168419901667943
2018_1308_1393,0.5477034231979478
2018_1314_1393,0.7935545554543874
2018_1326_1393,0.7294929887076822
2018_1328_1393,0.5090441553908639
2018_1335_1393,0.3236647485694401
2018_1344_1393,0.4775030221392677
2018_1345_1393,0.8314873608736387
2018_1347_1393,0.13085595516101697
2018_1348_1393,0.6214672857119626
2018_1355_1393,0.49189074892885637
2018_1361_1393,0.6218312051076232
2018_1371_1393,0.6587818814621483
2018_1372_1393,0.329349260476309
2018_1382_1393,0.5572149921770211
2018_1104_1395,0.3477436670621337
2018_1112_1395,0.6224397262794772
2018_1113_1395,0.3480269244480299
2018_1116_1395,0.4407087355892183
2018_1120_1395,0.5579479614213395
2018_1137_1395,0.31096438528670184
2018_1138_1395,0.37736962400419954
2018_1139_1395,0.4625785658379883
2018_1153_1395,0.7337785448020016
2018_1155_1395,0.5330073232117725
2018_1158_1395,0.19652303002389487
2018_1166_1395,0.4546497157236755
2018_1168_1395,0.07995384080936034
2018_1172_1395,0.45270401400029836
2018_1181_1395,0.7103864282549437
2018_1196_1395,0.4961279836891063
2018_1199_1395,0.43600067261736064
2018_1209_1395,0.21810246020514512
2018_1211_1395,0.7327989393571208
2018_1222_1395,0.6310964462562583
2018_1233_1395,0.12895791523751837
2018_1242_1395,0.6446234412892019
2018_1243_1395,0.3774690002625591
2018_1246_1395,0.582065440889605
2018_1252_1395,0.07395265963948022
2018_1254_1395,0.01775022405414813
2018_1260_1395,0.48942582488441483
2018_1267_1395,0.17621154566201322
2018_1274_1395,0.45337056854006635
2018_1276_1395,0.6832411180171263
2018_1277_1395,0.6945746161899193
2018_1281_1395,0.3884758523316816
2018_1285_1395,0.29844331709207395
2018_1293_1395,0.4166557600301105
2018_1300_1395,0.005133365739690194
2018_1301_1395,0.3863192201547014
2018_1305_1395,0.5524744835821862
2018_1308_1395,0.37126802009540133
2018_1314_1395,0.6521060334878221
2018_1326_1395,0.5680439811191857
2018_1328_1395,0.335815939707527
2018_1335_1395,0.1892091211444609
2018_1344_1395,0.3082687858421047
2018_1345_1395,0.7064135475741955
2018_1347_1395,0.06839632432500589
2018_1348_1395,0.4446290585065697
2018_1355_1395,0.3206869800094383
2018_1361_1395,0.44501116404295776
2018_1371_1395,0.48492804561539127
2018_1372_1395,0.1932067795345276
2018_1382_1395,0.3802918018325338
2018_1393_1395,0.3277946196215583
2018_1104_1397,0.24734988210224246
2018_1112_1397,0.5040229089218441
2018_1113_1397,0.24758240354205638
2018_1116_1397,0.32692834353324585
2018_1120_1397,0.4375807016232411
2018_1137_1397,0.21764570517395668
2018_1138_1397,0.271989403157427
2018_1139_1397,0.346651492144938
2018_1153_1397,0.6294957480892883
2018_1155_1397,0.4129937502305215
2018_1158_1397,0.1310173399036921
2018_1166_1397,0.3394546014891848
2018_1168_1397,0.05084458343594821
2018_1172_1397,0.33769661411282015
2018_1181_1397,0.6019117127184122
2018_1196_1397,0.37770213723622664
2018_1199_1397,0.32273438998800064
2018_1209_1397,0.1467172944622207
2018_1211_1397,0.6283267815690929
2018_1222_1397,0.5132715982851391
2018_1233_1397,0.08362916705033553
2018_1242_1397,0.5278869756558099
2018_1243_1397,0.27207315501325896
2018_1246_1397,0.4619321684614165
2018_1252_1397,0.04691687091189192
2018_1254_1397,0.01101662434996134
2018_1260_1397,0.3714205153543146
2018_1267_1397,0.11649453415253296
2018_1274_1397,0.33829850415303986
2018_1276_1397,0.5707427936330126
2018_1277_1397,0.5836486051049008
2018_1281_1397,0.28139589590114167
2018_1285_1397,0.2077492255064368
2018_1293_1397,0.3056911304647637
2018_1300_1397,0.003170559055120198
2018_1301_1397,0.27956196095894276
2018_1305_1397,0.4321337174959325
2018_1308_1397,0.26686138445239505
2018_1314_1397,0.536058503254743
2018_1326_1397,0.44770457192412283
2018_1328_1397,0.23761124427324548
2018_1335_1397,0.12575974869991977
2018_1344_1397,0.21550603397128776
2018_1345_1397,0.5972943351554465
2018_1347_1397,0.04329686154892432
2018_1348_1397,0.33043451107316263
2018_1355_1397,0.22540507304441978
2018_1361_1397,0.3307769298284671
2018_1371_1397,0.3672272046639124
2018_1372_1397,0.1286295106938872
2018_1382_1397,0.2744552644304858
2018_1393_1397,0.2311193946539175
2018_1395_1397,0.3813494106577109
2018_1104_1400,0.44477883387691713
2018_1112_1400,0.71240620586043
2018_1113_1400,0.4450871961296508
2018_1116_1400,0.5421240239398439
2018_1120_1400,0.6547581460790733
2018_1137_1400,0.4040948377928392
2018_1138_1400,0.4766307226321654
2018_1139_1400,0.5639519163716893
2018_1153_1400,0.8055047581406212
2018_1155_1400,0.6316738145515078
2018_1158_1400,0.26874755528395844
2018_1166_1400,0.5560834042711029
2018_1168_1400,0.1154959400478185
2018_1172_1400,0.5541447027911715
2018_1181_1400,0.7865819848168879
2018_1196_1400,0.5966904920576985
2018_1199_1400,0.5373735036868907
2018_1209_1400,0.29534251083440133
2018_1211_1400,0.8047188415506467
2018_1222_1400,0.7199283233543566
2018_1233_1400,0.18197530379382676
2018_1242_1400,0.7315834081090958
2018_1243_1400,0.47673622383786934
2018_1246_1400,0.6766547769604695
2018_1252_1400,0.1071376886944843
2018_1254_1400,0.02643527920443987
2018_1260_1400,0.590221139580963
2018_1267_1400,0.2432311020561832
2018_1274_1400,0.554809206936422
2018_1276_1400,0.7642079388171027
2018_1277_1400,0.7736044012255264
2018_1281_1400,0.4883669012987254
2018_1285_1400,0.3899460408057346
2018_1293_1400,0.5176590341452604
2018_1300_1400,0.007693436592105029
2018_1301_1400,0.48609652781952517
2018_1305_1400,0.6497308476288463
2018_1308_1400,0.4701360399801153
2018_1314_1400,0.737979262927526
2018_1326_1400,0.6639747265182941
2018_1328_1400,0.43172578120365107
2018_1335_1400,0.25961421084594977
2018_1344_1400,0.40106183631638354
2018_1345_1400,0.7833355513521084
2018_1347_1400,0.09935554748307954
2018_1348_1400,0.546065679784566
2018_1355_1400,0.4149755890657472
2018_1361_1400,0.5464491857059263
2018_1371_1400,0.5858599461463726
2018_1372_1400,0.2646139256761572
2018_1382_1400,0.4797293107616766
2018_1393_1400,0.42287212629372833
2018_1395_1400,0.6004121362971367
2018_1397_1400,0.7090979861671654
2018_1104_1401,0.42059857213591023
2018_1112_1401,0.6918051034276707
2018_1113_1401,0.4209028788622997
2018_1116_1401,0.5175850299663864
2018_1120_1401,0.6321597573273474
2018_1137_1401,0.38061015447889956
2018_1138_1401,0.4521289379333496
2018_1139_1401,0.539589247704693
2018_1153_1401,0.7896030065731404
2018_1155_1401,0.6084679634122907
2018_1158_1401,0.24983104887048968
2018_1166_1401,0.531646212590419
2018_1168_1401,0.10580566832540499
2018_1172_1401,0.5296910492513387
2018_1181_1401,0.7695756937147386
2018_1196_1401,0.5727712792337574
2018_1199_1401,0.5128087119149336
2018_1209_1401,0.27525869164034045
2018_1211_1401,0.7887696841938063
2018_1222_1401,0.6996388716168356
2018_1233_1401,0.16776525327928696
2018_1242_1401,0.7118002915842836
2018_1243_1401,0.45223370199607527
2018_1246_1401,0.6547338735102604
2018_1252_1401,0.09807093158114409
2018_1254_1401,0.02401444740667971
2018_1260_1401,0.5661971877732108
2018_1267_1401,0.2255566446525787
2018_1274_1401,0.5303611112990686
2018_1276_1401,0.745994498243029
2018_1277_1401,0.7558849260696796
2018_1281_1401,0.4637964441677724
2018_1285_1401,0.36677752791776874
2018_1293_1401,0.49303500625781577
2018_1300_1401,0.006976604923307367
2018_1301_1401,0.46153725495187525
2018_1305_1401,0.6269908566184659
2018_1308_1401,0.44568381229940407
2018_1314_1401,0.718486147564386
2018_1326_1401,0.6416494444094372
2018_1328_1401,0.4077340219688385
2018_1335_1401,0.2411285927831438
2018_1344_1401,0.377641715138334
2018_1345_1401,0.7661474770862987
2018_1347_1401,0.0908803369274591
2018_1348_1401,0.5215514977931224
2018_1355_1401,0.3912737579560143
2018_1361_1401,0.5219375828925583
2018_1371_1401,0.5617701521599475
2018_1372_1401,0.24589053885023165
2018_1382_1401,0.45520678090220806
2018_1393_1401,0.39902690177933275
2018_1395_1401,0.5765570091742915
2018_1397_1401,0.6883635707158159
2018_1400_1401,0.47538808067792504
2018_1104_1403,0.2677510289699703
2018_1112_1403,0.5306678454707393
2018_1113_1403,0.26799589977803095
2018_1116_1403,0.35083356307330515
2018_1120_1403,0.46399917530421975
2018_1137_1403,0.23636628520525899
2018_1138_1403,0.293629956508748
2018_1139_1403,0.3712035152242927
2018_1153_1403,0.6540269683940827
2018_1155_1403,0.439086708254093
2018_1158_1403,0.1436548559915126
2018_1166_1403,0.36378070987727007
2018_1168_1403,0.056249462861302627
2018_1172_1403,0.3619657763752508
2018_1181_1403,0.6271876456699713
2018_1196_1403,0.4030965197992605
2018_1199_1403,0.3464908128682739
2018_1209_1403,0.16058932079352076
2018_1211_1403,0.6528927220715469
2018_1222_1403,0.5398732625684836
2018_1233_1403,0.09218064760175158
2018_1242_1403,0.5543833505783035
2018_1243_1403,0.29371768353597416
2018_1246_1403,0.48854375676186035
2018_1252_1403,0.051927068931874924
2018_1254_1403,0.012242321171947786
2018_1260_1403,0.3966617643928229
2018_1267_1403,0.1279374652394746
2018_1274_1403,0.362587241263459
2018_1276_1403,0.5966716460161035
2018_1277_1403,0.6093314987266968
2018_1281_1403,0.30347288736992767
2018_1285_1403,0.2258643199506545
2018_1293_1403,0.3288020674109549
2018_1300_1403,0.0035264244333224836
2018_1301_1403,0.30155544923372923
2018_1305_1403,0.4584914228180604
2018_1308_1403,0.28825548192785927
2018_1314_1403,0.5624763735776296
2018_1326_1403,0.4742188987736568
2018_1328_1403,0.25748394720066214
2018_1335_1403,0.13797065269755354
2018_1344_1403,0.23409764163265998
2018_1345_1403,0.622679659576772
2018_1347_1403,0.047939927723668785
2018_1348_1403,0.35446108953244054
2018_1355_1403,0.24458441624380653
2018_1361_1403,0.3548152123637445
2018_1371_1403,0.3923613622014786
2018_1372_1403,0.14107409582269204
2018_1382_1403,0.29621218438517144
2018_1393_1403,0.250627638138708
2018_1395_1403,0.4068287001924843
2018_1397_1403,0.5266580921925235
2018_1400_1403,0.31339954784074414
2018_1401_1403,0.3349799866172601
2018_1104_1411,0.9741648006789165
2018_1112_1411,0.9914964462821307
2018_1113_1411,0.974196206369335
2018_1116_1411,0.9823728126570653
2018_1120_1411,0.9889219826282779
2018_1137_1411,0.9696223656059245
2018_1138_1411,0.9772034736462516
2018_1139_1411,0.9838387953219241
2018_1153_1411,0.9948964048765483
2018_1155_1411,0.9877636958719062
2018_1158_1411,0.945352051748871
2018_1166_1411,0.9833231058378029
2018_1168_1411,0.8600662425178895
2018_1172_1411,0.9831938825713651
2018_1181_1411,0.9942687631339502
2018_1196_1411,0.985843535086104
2018_1199_1411,0.9820385955740495
2018_1209_1411,0.9517568558380128
2018_1211_1411,0.9948709092170119
2018_1222_1411,0.9918028522042317
2018_1233_1411,0.912823714972821
2018_1242_1411,0.9922655240417095
2018_1243_1411,0.9772128931692275
2018_1246_1411,0.9899499089026965
2018_1252_1411,0.8495804721907343
2018_1254_1411,0.5610358682598654
2018_1260_1411,0.985464391820526
2018_1267_1411,0.9379982862794493
2018_1274_1411,0.983238272686662
2018_1276_1411,0.9934876521649197
2018_1277_1411,0.993821049442949
2018_1281_1411,0.9782274284236157
2018_1285_1411,0.9678322055073124
2018_1293_1411,0.9805886958418204
2018_1300_1411,0.2673650638235524
2018_1301_1411,0.9780330359681974
2018_1305_1411,0.9886765151270442
2018_1308_1411,0.9766158238395024
2018_1314_1411,0.9925133874105119
2018_1326_1411,0.9893626515090898
2018_1328_1411,0.9727962156605289
2018_1335_1411,0.9428731394135325
2018_1344_1411,0.9692487084378443
2018_1345_1411,0.994158118230618
2018_1347_1411,0.8385158147211056
2018_1348_1411,0.9826458776454241
2018_1355_1411,0.9709201323540462
2018_1361_1411,0.9826722434249224
2018_1371_1411,0.9852042432324021
2018_1372_1411,0.9442497201463698
2018_1382_1411,0.9774784752662109
2018_1393_1411,0.9718221870572363
2018_1395_1411,0.9860580730936255
2018_1397_1411,0.9913596922007116
2018_1400_1411,0.9791969255899812
2018_1401_1411,0.9811119901985862
2018_1403_1411,0.9903958140969058
2018_1104_1417,0.4589855203396095
2018_1112_1417,0.7240141242430078
2018_1113_1417,0.45929558427401773
2018_1116_1417,0.5563245314267907
2018_1120_1417,0.6676072330963205
2018_1137_1417,0.41798031379473244
2018_1138_1417,0.49095516945020273
2018_1139_1417,0.5780024181545785
2018_1153_1417,0.814334327460422
2018_1155_1417,0.6449161207315053
2018_1158_1417,0.2801688400516503
2018_1166_1417,0.5701942156121973
2018_1168_1417,0.12148632921493185
2018_1172_1417,0.5682692950083791
2018_1181_1417,0.7960530954327544
2018_1196_1417,0.6104148277450011
2018_1199_1417,0.5515994822359853
2018_1209_1417,0.3074188807023257
2018_1211_1417,0.8135758320462754
2018_1222_1417,0.7313471254725767
2018_1233_1417,0.19067046499362622
2018_1242_1417,0.7426968539893795
2018_1243_1417,0.491060866387361
2018_1246_1417,0.689075912912798
2018_1252_1417,0.11274982437697095
2018_1254_1417,0.02795236884649735
2018_1260_1417,0.6040195267272189
2018_1267_1417,0.25394456815121225
2018_1274_1417,0.5689291237167363
2018_1276_1417,0.7743871734888066
2018_1277_1417,0.7834929110183064
2018_1281_1417,0.5027052741931731
2018_1285_1417,0.4036746821328039
2018_1293_1417,0.5319632337903317
2018_1300_1417,0.008143951140612173
2018_1301_1417,0.5004334415736861
2018_1305_1417,0.6626706433373479
2018_1308_1417,0.4844459705204935
2018_1314_1417,0.7489187808085391
2018_1326_1417,0.6766501929686869
2018_1328_1417,0.4458503387186749
2018_1335_1417,0.27079108158043486
2018_1344_1417,0.4149156584833653
2018_1345_1417,0.7929128026507887
2018_1347_1417,0.10460779549160969
2018_1348_1417,0.5602431040416854
2018_1355_1417,0.42896580636241244
2018_1361_1417,0.5606242697520366
2018_1371_1417,0.5997055891288782
2018_1372_1417,0.27592582546009714
2018_1382_1417,0.49405897278953276
2018_1393_1417,0.4369297349246787
2018_1395_1417,0.6140917343932126
2018_1397_1417,0.720787098415509
2018_1400_1417,0.5143365681530125
2018_1401_1417,0.5388935929737984
2018_1403_1417,0.6988095906024885
2018_1411_1417,0.022004243885378395
2018_1104_1420,0.8778681813110658
2018_1112_1420,0.9569456816762201
2018_1113_1420,0.8780019869505001
2018_1116_1420,0.9139684001934424
2018_1120_1420,0.944496484722682
2018_1137_1420,0.8588477957128553
2018_1138_1420,0.8909653304514096
2018_1139_1420,0.920663868663856
2018_1153_1420,0.9737948906252653
2018_1155_1420,0.9389798055161787
2018_1158_1420,0.76731264698017
2018_1166_1420,0.9182997254888876
2018_1168_1420,0.5395157078182868
2018_1172_1420,0.9177088243895721
2018_1181_1420,0.9706487373208602
2018_1196_1420,0.9299472375762435
2018_1199_1420,0.9124527971334303
2018_1209_1420,0.7899474626865071
2018_1211_1420,0.973666769828665
2018_1222_1420,0.9584448665634867
2018_1233_1420,0.6662256670531768
2018_1242_1420,0.9607157874572377
2018_1243_1420,0.8910064091319225
2018_1246_1420,0.9494358691709156
2018_1252_1420,0.5184584366478626
2018_1254_1420,0.19590619726560637
2018_1260_1420,0.928180121321411
2018_1267_1420,0.7425259706115576
2018_1274_1420,0.9179117394562187
2018_1276_1420,0.9667560850635537
2018_1277_1420,0.9684144866700226
2018_1281_1420,0.895448420385615
2018_1285_1420,0.8515292450266222
2018_1293_1420,0.9059238259428052
2018_1300_1420,0.06504131608018017
2018_1301_1420,0.894594587222789
2018_1305_1420,0.9433230506939385
2018_1308_1420,0.8884084908907289
2018_1314_1420,0.9619359263701334
2018_1326_1420,0.9466089321863463
2018_1328_1420,0.8720683224114342
2018_1335_1420,0.7588180171748657
2018_1344_1420,0.8573120802959553
2018_1345_1420,0.9700958087770954
2018_1347_1420,0.49744480231159727
2018_1348_1420,0.9152096653363867
2018_1355_1420,0.8642152552340724
2018_1361_1420,0.9153296575747947
2018_1371_1420,0.926970713779437
2018_1372_1420,0.7635173721125558
2018_1382_1420,0.8921658509532915
2018_1393_1420,0.8679772045455434
2018_1395_1420,0.9309495389826669
2018_1397_1420,0.9562777848733048
2018_1400_1420,0.8997260944535292
2018_1401_1420,0.9082716641502427
2018_1403_1420,0.9515914127000218
2018_1411_1420,0.16010499009347756
2018_1417_1420,0.8944309896086311
2018_1104_1422,0.5371882438190415
2018_1112_1422,0.7820949565838423
2018_1113_1422,0.5374986510685861
2018_1116_1422,0.631745886116104
2018_1120_1422,0.7331841711618782
2018_1137_1422,0.4955965202451451
2018_1138_1422,0.568877363813625
2018_1139_1422,0.6520435511813173
2018_1153_1422,0.857157489153898
2018_1155_1422,0.7130455445473819
2018_1158_1422,0.3474722865270098
2018_1166_1422,0.6447633474666895
2018_1168_1422,0.15909540376424983
2018_1172_1422,0.6429632736702809
2018_1181_1422,0.8422760902508972
2018_1196_1422,0.6818988289305901
2018_1199_1422,0.627285933713645
2018_1209_1422,0.37783245647129976
2018_1211_1422,0.8565431191387791
2018_1222_1422,0.78833589542129
2018_1233_1422,0.24375459285506657
2018_1242_1422,0.7979432006676752
2018_1243_1422,0.5689810855315242
2018_1246_1422,0.7519907942052626
2018_1252_1422,0.14811027296953982
2018_1254_1422,0.03785335377836355
2018_1260_1422,0.6760542342530881
2018_1267_1422,0.3177289542000466
2018_1274_1422,0.643580544711591
2018_1276_1422,0.8244376348109901
2018_1277_1422,0.831961673373176
2018_1281_1422,0.5803661774790365
2018_1285_1422,0.4808290328393153
2018_1293_1422,0.6086123638996069
2018_1300_1422,0.011108797436787398
2018_1301_1422,0.578151409541196
2018_1305_1422,0.7288259111503017
2018_1308_1422,0.5624766051184004
2018_1314_1422,0.8031832234918154
2018_1326_1422,0.74113483971224
2018_1328_1422,0.5239826070900014
2018_1335_1422,0.3368961026695831
2018_1344_1422,0.4924442800149004
2018_1345_1422,0.839704205786156
2018_1347_1422,0.13781137088968762
2018_1348_1422,0.6354348516780927
2018_1355_1422,0.5068454925510694
2018_1361_1422,0.6357932123211127
2018_1371_1422,0.67209904220311
2018_1372_1422,0.3426952498210371
2018_1382_1422,0.5719203201934389
2018_1393_1422,0.5149514236865335
2018_1395_1422,0.6852489505994738
2018_1397_1422,0.7793400754075439
2018_1400_1422,0.5916565146518438
2018_1401_1422,0.6152286828095884
2018_1403_1422,0.7604396184074936
2018_1411_1422,0.02986307570965055
2018_1417_1422,0.5777284998775283
2018_1420_1422,0.1390303114172818
2018_1104_1437,0.13621900455312513
2018_1112_1437,0.3277968047092731
2018_1113_1437,0.13636598507784584
2018_1116_1437,0.189023226344935
2018_1120_1437,0.27185225455499007
2018_1137_1437,0.1177722156615651
2018_1138_1437,0.15202434801737383
2018_1139_1437,0.2029351630002984
2018_1153_1437,0.4491255252146624
2018_1155_1437,0.25239834049306653
2018_1158_1437,0.06746786357814151
2018_1166_1437,0.19781859139784863
2018_1168_1437,0.02506110656048527
2018_1172_1437,0.19657582621771896
2018_1181_1437,0.4204754909270851
2018_1196_1437,0.22555690578529672
2018_1199_1437,0.18610920097528194
2018_1209_1437,0.07622056118003702
2018_1211_1437,0.4478866030376813
2018_1222_1437,0.33600248136629624
2018_1233_1437,0.041955386935997575
2018_1242_1437,0.34919150112081626
2018_1243_1437,0.15207887648879623
2018_1246_1437,0.29176540673245904
2018_1252_1437,0.023076726213122626
2018_1254_1437,0.00531691559271968
2018_1260_1437,0.22090739395707346
2018_1267_1437,0.05950691025824836
2018_1274_1437,0.19700100682186322
2018_1276_1437,0.3895090518394576
2018_1277_1437,0.4021561296779308
2018_1281_1437,0.15818343960347805
2018_1285_1437,0.11176826528832418
2018_1293_1437,0.17442281500938153
2018_1300_1437,0.0015239409197336765
2018_1301_1437,0.1569770990769
2018_1305_1437,0.26748709537156196
2018_1308_1437,0.1486961491458712
2018_1314_1437,0.3566867361632473
2018_1326_1437,0.28005107902230286
2018_1328_1437,0.1300994851634487
2018_1335_1437,0.06457095327115435
2018_1344_1437,0.11646823140559479
2018_1345_1437,0.4157962013981919
2018_1347_1437,0.02125515085439311
2018_1348_1437,0.19147114917625813
2018_1355_1437,0.122528605092643
2018_1361_1437,0.19171079582656592
2018_1371_1437,0.21782450550177684
2018_1372_1437,0.0661500751740234
2018_1382_1437,0.15363212120920614
2018_1393_1437,0.12605931093475795
2018_1395_1437,0.22827392525854523
2018_1397_1437,0.3242608743557562
2018_1400_1437,0.1644799090165608
2018_1401_1437,0.17847135999274888
2018_1403_1437,0.3013258325904857
2018_1411_1437,0.004164864590309849
2018_1417_1437,0.15674779697655664
2018_1420_1437,0.02146882327047547
2018_1422_1437,0.11961474052906954
2018_1104_1438,0.13930094528164202
2018_1112_1438,0.333539481793735
2018_1113_1438,0.13945071436236153
2018_1116_1438,0.19303287452823972
2018_1120_1438,0.27701874027281104
2018_1137_1438,0.12049501980274444
2018_1138_1438,0.15539954956997956
2018_1139_1438,0.20716453249638106
2018_1153_1438,0.45555326650438904
2018_1155_1438,0.2573257664358773
2018_1158_1438,0.06911878528682165
2018_1166_1438,0.20196834658700774
2018_1168_1438,0.025702946718466027
2018_1172_1438,0.20070603397505582
2018_1181_1438,0.4268108884729097
2018_1196_1438,0.23012161909429354
2018_1199_1438,0.19007152299056904
2018_1209_1438,0.07806772925050116
2018_1211_1438,0.4543112362355137
2018_1222_1438,0.341815814111004
2018_1233_1438,0.04301081834155284
2018_1242_1438,0.3551109857561312
2018_1243_1438,0.15545506672923784
2018_1246_1438,0.29715589442988055
2018_1252_1438,0.02366897821883526
2018_1254_1438,0.005455916955357654
2018_1260_1438,0.22540539934808837
2018_1267_1438,0.060975767048246816
2018_1274_1438,0.20113791147120597
2018_1276_1438,0.39569644845304025
2018_1277_1438,0.40841002706180235
2018_1281_1438,0.16166931318004096
2018_1285_1438,0.1143702572927572
2018_1293_1438,0.17819080328047815
2018_1300_1438,0.001563937572100524
2018_1301_1438,0.16044145527628825
2018_1305_1438,0.27260168015573877
2018_1308_1438,0.15201070502608094
2018_1314_1438,0.36266247628735276
2018_1326_1438,0.2853123272864719
2018_1328_1438,0.1330643009792924
2018_1335_1438,0.06615601717740643
2018_1344_1438,0.1191649604776085
2018_1345_1438,0.42211244848006896
2018_1347_1438,0.021801696389633664
2018_1348_1438,0.19552020476250734
2018_1355_1438,0.1253457497891051
2018_1361_1438,0.19576369220049758
2018_1371_1438,0.2222776477863874
2018_1372_1438,0.06777109438189055
2018_1382_1438,0.1570364076784707
2018_1393_1438,0.1289457035849185
2018_1395_1438,0.2328770899547438
2018_1397_1438,0.329972013568164
2018_1400_1438,0.16807683357598702
2018_1401_1438,0.18230749430424886
2018_1403_1438,0.3068164334960424
2018_1411_1438,0.00427387702541594
2018_1417_1438,0.16020805436529714
2018_1420_1438,0.022020739468060147
2018_1422_1438,0.12237423368767612
2018_1437_1438,0.506486409664678
2018_1104_1439,0.40761912143439916
2018_1112_1439,0.6802828566322678
2018_1113_1439,0.4079206488573934
2018_1116_1439,0.5042172083015796
2018_1120_1439,0.6196336412343982
2018_1137_1439,0.36808077900837605
2018_1138_1439,0.43891356069834986
2018_1139_1439,0.5262730931458824
2018_1153_1439,0.7805773731411824
2018_1155_1439,0.5956511086973663
2018_1158_1439,0.23993909012985823
2018_1166_1439,0.5183054092730704
2018_1168_1439,0.10084969777407524
2018_1172_1439,0.5163452186667982
2018_1181_1439,0.7599521124335397
2018_1196_1439,0.559631596742293
2018_1199_1439,0.4994365376281308
2018_1209_1439,0.26471520839453483
2018_1211_1439,0.779718275693101
2018_1222_1439,0.6882775324795808
2018_1233_1439,0.1604277624106895
2018_1242_1439,0.7007021769257671
2018_1243_1439,0.43901771635574277
2018_1246_1439,0.6425418003011061
2018_1252_1439,0.0934394000108275
2018_1254_1439,0.022791952325907815
2018_1260_1439,0.5530131029619613
2018_1267_1439,0.2163486298139727
2018_1274_1439,0.5170169573786936
2018_1276_1439,0.7357242626665784
2018_1277_1439,0.7458783658846441
2018_1281_1439,0.45052046931659445
2018_1285_1439,0.35444293429679724
2018_1293_1439,0.479670791396283
2018_1300_1439,0.0066155702055440135
2018_1301_1439,0.4482718850170761
2018_1305_1439,0.6143960900036695
2018_1308_1439,0.43250810273277457
2018_1314_1439,0.7075397102860248
2018_1326_1439,0.6292569618950099
2018_1328_1439,0.3948810006491493
2018_1335_1439,0.2314748824038376
2018_1344_1439,0.36515244966043564
2018_1345_1439,0.7564260341592592
2018_1347_1439,0.08655580171260847
2018_1348_1439,0.5081891493991971
2018_1355_1439,0.378607920136547
2018_1361_1439,0.5085758573643714
2018_1371_1439,0.5485587977793224
2018_1372_1439,0.23610549691311167
2018_1382_1439,0.44197401488343796
2018_1393_1439,0.38626934589343137
2018_1395_1439,0.5634450166151034
2018_1397_1439,0.6767727736558979
2018_1400_1439,0.4620662292512645
2018_1401_1439,0.48662821172928394
2018_1403_1439,0.6529986602348853
2018_1411_1439,0.01792169238673049
2018_1417_1439,0.44784312109230817
2018_1420_1439,0.0873673265164707
2018_1422_1439,0.3721872712445324
2018_1437_1439,0.8135491609548651
2018_1438_1439,0.8095812670943555
2018_1104_1452,0.2739410488666566
2018_1112_1452,0.5384664175921335
2018_1113_1452,0.27418946096106406
2018_1116_1452,0.35800525491098867
2018_1120_1452,0.47180290520456286
2018_1137_1452,0.24207059754552518
2018_1138_1452,0.30017300388469265
2018_1139_1452,0.37854879140413306
2018_1153_1452,0.6610848704259449
2018_1155_1452,0.4468207266836903
2018_1158_1452,0.1475540618947611
2018_1166_1452,0.371065782774369
2018_1168_1452,0.05793674402095487
2018_1172_1452,0.3692355970595287
2018_1181_1452,0.6344870805709032
2018_1196_1452,0.4106607274734711
2018_1199_1452,0.35362208883560153
2018_1209_1452,0.16485968702084733
2018_1211_1452,0.6599617326981221
2018_1222_1452,0.5476492605032008
2018_1233_1452,0.09483742615085376
2018_1242_1452,0.5621130252996703
2018_1243_1452,0.30026185479877093
2018_1246_1452,0.49637800217010447
2018_1252_1452,0.05349204280350406
2018_1254_1452,0.012627208787111096
2018_1260_1452,0.40418698673722886
2018_1267_1452,0.13147555462875024
2018_1274_1452,0.3698623081146592
2018_1276_1452,0.604191502068806
2018_1277_1452,0.6167669208653767
2018_1281_1452,0.31013896740189034
2018_1285_1452,0.23139198288799875
2018_1293_1452,0.33575632827572294
2018_1300_1452,0.003638301383511578
2018_1301_1452,0.30819804733192324
2018_1305_1452,0.46628310410256363
2018_1308_1452,0.2947287378264844
2018_1314_1452,0.5701745075837967
2018_1326_1452,0.4820399323283203
2018_1328_1452,0.26352202816682363
2018_1335_1452,0.14174111012857457
2018_1344_1452,0.23976439429083557
2018_1345_1452,0.6300152904242847
2018_1347_1452,0.049390997546190744
2018_1348_1452,0.3616656221979901
2018_1355_1452,0.2504220200300173
2018_1361_1452,0.3620229061882118
2018_1371_1452,0.39985906969450463
2018_1372_1452,0.1449151065663113
2018_1382_1452,0.3027881073632479
2018_1393_1452,0.25656049145538945
2018_1395_1452,0.41441431950926416
2018_1397_1452,0.5344648419665586
2018_1400_1452,0.32018344281737027
2018_1401_1452,0.3419983340994013
2018_1403_1452,0.5078355459232612
2018_1411_1452,0.009906964780508095
2018_1417_1452,0.30782851040845666
2018_1420_1452,0.049873099635748444
2018_1422_1452,0.24531701489644187
2018_1437_1452,0.7052317593227517
2018_1438_1452,0.699809308051404
2018_1439_1452,0.3541374291235844
2018_1104_1455,0.25369720552720393
2018_1112_1455,0.5124720707738172
2018_1113_1455,0.2539336806557263
2018_1116_1455,0.33441043360580974
2018_1120_1455,0.44591744607091277
2018_1137_1455,0.22345708705175057
2018_1138_1455,0.2787348509388783
2018_1139_1455,0.35434732945742925
2018_1153_1455,0.6373453901923177
2018_1155_1455,0.42121288658348777
2018_1158_1455,0.13491453051465532
2018_1166_1455,0.347075540586034
2018_1168_1455,0.05250106755093616
2018_1172_1455,0.3452987171353683
2018_1181_1455,0.609983680626247
2018_1196_1455,0.38568038786891645
2018_1199_1455,0.3301675804591962
2018_1209_1455,0.15100033987134948
2018_1211_1455,0.6361868763865202
2018_1222_1455,0.5217127153114749
2018_1233_1455,0.08625668587454671
2018_1242_1455,0.5363036110375541
2018_1243_1455,0.2788198843764388
2018_1246_1455,0.47034486544762466
2018_1252_1455,0.048451924804208714
2018_1254_1455,0.011391111486446429
2018_1260_1455,0.37934696354595204
2018_1267_1455,0.12001939924524284
2018_1274_1455,0.34590708007160303
2018_1276_1455,0.5790047236568141
2018_1277_1455,0.5918397759504525
2018_1281_1455,0.28828225091557486
2018_1285_1455,0.21336842744209436
2018_1293_1455,0.31291314454564934
2018_1300_1455,0.00327921993369122
2018_1301_1455,0.2864213240806009
2018_1305_1455,0.4404479562694504
2018_1308_1455,0.27352743808538427
2018_1314_1455,0.5444551746967322
2018_1326_1455,0.4560777856796396
2018_1328_1455,0.24378960814585038
2018_1335_1455,0.1295238593830189
2018_1344_1455,0.22127644301459506
2018_1345_1455,0.6053985496255163
2018_1347_1455,0.0447190311630211
2018_1348_1455,0.3379565528878889
2018_1355_1455,0.23136236907540522
2018_1361_1455,0.33830282808971474
2018_1371_1455,0.3751175682227627
2018_1372_1455,0.13246650119279932
2018_1382_1455,0.28123824199308667
2018_1393_1455,0.2371814720523581
2018_1395_1455,0.3893564999358311
2018_1397_1455,0.508450857892659
2018_1400_1455,0.29792455610774377
2018_1401_1455,0.31893438170383404
2018_1403_1455,0.48177634371288486
2018_1411_1455,0.008934746786520316
2018_1417_1455,0.28606710088830045
2018_1420_1455,0.045157696824775564
2018_1422_1455,0.2265284858285795
2018_1437_1455,0.6831022489590549
2018_1438_1455,0.6774588941012654
2018_1439_1455,0.33066622579440974
2018_1452_1455,0.4739556734934834
2018_1104_1460,0.7852446102675992
2018_1112_1460,0.9187426078528911
2018_1113_1460,0.7854550925414112
2018_1116_1460,0.8438531322340529
2018_1120_1460,0.8964423682764072
2018_1137_1460,0.7558117806433908
2018_1138_1460,0.8060803808495386
2018_1139_1460,0.855140498616324
2018_1153_1460,0.9497575475170319
2018_1155_1460,0.8867222687016318
2018_1158_1460,0.6265159031676087
2018_1166_1460,0.8511395217192778
2018_1168_1460,0.3734354274216665
2018_1172_1460,0.850142149348706
2018_1181_1460,0.9438917800198496
2018_1196_1460,0.8710168172933374
2018_1199_1460,0.8413167780795964
2018_1209_1460,0.6567194516389977
2018_1211_1460,0.9495179968765416
2018_1222_1460,0.9214628781949256
2018_1233_1460,0.5038157883030268
2018_1242_1460,0.9255979185092793
2018_1243_1460,0.8061464816559737
2018_1246_1460,0.9052290990796851
2018_1252_1460,0.3538788109772012
2018_1254_1460,0.11027061620687754
2018_1260_1460,0.867974198819521
2018_1267_1460,0.5946540965010183
2018_1274_1460,0.8504845274826678
2018_1276_1460,0.9366820237775993
2018_1277_1460,0.9397471921246157
2018_1281_1460,0.8133223508541522
2018_1285_1460,0.7447387497488117
2018_1293_1460,0.830468397418138
2018_1300_1460,0.03417858961751101
2018_1301_1460,0.8119386834499231
2018_1305_1460,0.8943666164352568
2018_1308_1460,0.8019754204445171
2018_1314_1460,0.9278268519685379
2018_1326_1460,0.9001904698327575
2018_1328_1460,0.7761677064381253
2018_1335_1460,0.6154572046670742
2018_1344_1460,0.7534768244191419
2018_1345_1460,0.9428644656755018
2018_1347_1460,0.334896582587798
2018_1348_1460,0.8459354954719313
2018_1355_1460,0.7640207578753937
2018_1361_1460,0.8461370407233623
2018_1371_1460,0.8658974342958146
2018_1372_1460,0.6215567849868168
2018_1382_1460,0.8080141297439144
2018_1393_1460,0.7698192652943443
2018_1395_1460,0.87274690587461
2018_1397_1460,0.9175331430867582
2018_1400_1460,0.8202857981281185
2018_1401_1460,0.8343550373926963
2018_1403_1460,0.9090887232427466
2018_1411_1460,0.08839857620760465
2018_1417_1460,0.8116738040301351
2018_1420_1460,0.3371770185216866
2018_1422_1460,0.759048029346848
2018_1437_1460,0.958653858169317
2018_1438_1460,0.957613074878861
2018_1439_1460,0.8416174421247367
2018_1452_1460,0.9064647603159992
2018_1455_1460,0.9149387527510171
2018_1104_1462,0.23055345860063592
2018_1112_1462,0.4809342167020746
2018_1113_1462,0.23077503187019335
2018_1116_1462,0.30693178717965064
2018_1120_1462,0.4149890050997182
2018_1137_1462,0.20232413731382734
2018_1138_1462,0.2540846564526975
2018_1139_1462,0.3260329284294664
2018_1153_1462,0.6077018073807999
2018_1155_1462,0.3907894255361068
2018_1158_1462,0.12085210604516132
2018_1166_1462,0.3190550625257079
2018_1168_1462,0.046566376238854186
2018_1172_1462,0.3173519648298303
2018_1181_1462,0.579578871141735
2018_1196_1462,0.3562437255032382
2018_1199_1462,0.30287892253222964
2018_1209_1462,0.13552392223078538
2018_1211_1462,0.606507061685634
2018_1222_1462,0.49017795234905576
2018_1233_1462,0.07681562606198543
2018_1242_1462,0.5048177692016631
2018_1243_1462,0.2541648198333204
2018_1246_1462,0.43906472490156645
2018_1252_1462,0.04295419623494745
2018_1254_1462,0.010054155606453556
2018_1260_1462,0.3501181944167156
2018_1267_1462,0.10731692610790046
2018_1274_1462,0.3179350007200903
2018_1276_1462,0.5479745251204284
2018_1277_1462,0.5610383924886001
2018_1281_1462,0.2630957100371468
2018_1285_1462,0.19295251563959895
2018_1293_1462,0.2864407400802253
2018_1300_1462,0.0028915586097718153
2018_1301_1462,0.26133766802117925
2018_1305_1462,0.409618424325569
2018_1308_1462,0.2491786675127433
2018_1314_1462,0.5130202388365857
2018_1326_1462,0.42498515164089395
2018_1328_1462,0.22128170147760348
2018_1335_1462,0.115948006576142
2018_1344_1462,0.20029652924565397
2018_1345_1462,0.57488540799675
2018_1347_1462,0.03962722617897626
2018_1348_1462,0.3103223752864253
2018_1355_1462,0.20968367011325276
2018_1361_1462,0.3106536221917774
2018_1371_1462,0.346032989228551
2018_1372_1462,0.11862425087100394
2018_1382_1462,0.2564453726575969
2018_1393_1462,0.21511011540127215
2018_1395_1462,0.3598035935839365
2018_1397_1462,0.4769183891972561
2018_1400_1462,0.27221780064153445
2018_1401_1462,0.2921691912864192
2018_1403_1462,0.4503824181083575
2018_1411_1462,0.007883791279316515
2018_1417_1462,0.26100311969166345
2018_1420_1462,0.04001803679191368
2018_1422_1462,0.2051818149905842
2018_1437_1462,0.6551752910952469
2018_1438_1462,0.6492899409392037
2018_1439_1462,0.30335501921744645
2018_1452_1462,0.4426360801445234
2018_1455_1462,0.46849211493002485
2018_1460_1462,0.07574018617112281
